2.580000
2.980000
3.380000
3.790000
4.190000
4.600000
5.010000
5.410000
5.830000
6.230000
6.640000
7.050000
7.460000
7.870000
8.280000
8.680000
9.090000
9.480000
9.890000
10.300000
10.700000
11.100000
11.510000
11.920000
12.310000
12.720000
13.130000
13.540000
13.930000
14.340000
14.750000
15.170000
15.590000
15.990000
16.410000
16.820000
17.230000
17.640000
18.050000
18.440000
18.840000
19.250000
19.650000
20.050000
20.460000
20.870000
21.270000
21.680000
22.080000
22.480000
22.890000
23.310000
23.720000
24.130000
24.540000
24.950000
25.350000
25.760000
26.170000
26.570000
26.980000
27.390000
27.790000
28.210000
28.620000
29.030000
29.450000
29.860000
