1.563605
2.034422
2.583764
3.084558
3.586757
4.070476
4.575669
5.090159
5.591111
6.081066
6.572472
7.097120
7.625420
8.103311
8.592630
9.080794
9.601451
10.098980
10.623197
11.121202
11.576145
12.096395
12.599433
13.092630
13.562336
14.048345
14.566939
15.084739
15.563968
16.050816
16.587007
17.047279
17.549070
18.058209
18.591383
19.099070
19.578163
20.055760
20.557687
21.078866
21.571383
22.016190
22.547937
23.093333
23.562766
24.072812
24.566417
25.048050
25.568231
26.053220
26.542426
27.042585
27.558889
28.053061
28.533560
29.039615
29.548095
29.997619
