0.622290
0.970590
1.295669
1.604467
1.973447
2.316463
2.643946
2.963401
3.270249
3.608957
3.930975
4.249546
4.588571
4.915782
5.228186
5.556803
5.881156
6.170658
6.490499
6.809955
7.125374
7.454739
7.771111
8.093333
8.429116
8.755646
9.064308
9.411088
9.719252
10.039683
10.376621
10.706689
11.025238
11.353107
11.672472
12.006190
12.325601
12.640045
12.971451
13.313560
13.655533
13.968231
14.272993
14.590272
14.908095
15.233447
15.556984
15.844354
16.165646
16.484558
16.840612
17.124195
17.457143
17.771451
18.112041
18.425964
18.737120
19.055941
19.388050
19.701406
20.031293
20.360952
20.669546
20.993197
21.315941
21.637075
21.976077
22.296145
22.617029
22.958821
23.294966
23.596508
23.929955
24.263243
24.564195
24.915873
25.231202
25.560839
25.875011
26.205261
26.516349
26.845850
27.163220
27.489410
27.810431
28.099252
28.419501
28.731769
29.066349
29.364422
29.669070
29.982177
0.000000
0.000000
0.000000
0.000000
0.000000
0.000000
0.000000
0.000000
0.000000
0.000000
0.000000
0.000000
0.000000
0.000000
0.000000
0.000000
0.000000
0.000000
0.000000
0.000000
0.000000
0.000000
0.000000
0.000000
0.000000
0.000000
0.000000
0.000000
0.000000
0.000000
0.000000
0.000000
0.000000
0.000000
0.000000
0.000000
0.000000
0.000000
0.000000
0.000000
0.000000
0.000000
0.000000
0.000000
0.000000
0.000000
0.000000
0.000000
0.000000
0.000000
0.000000
0.000000
0.000000
0.000000
0.000000
0.000000
0.000000
0.000000
0.000000
0.000000
0.000000
0.000000
0.000000
0.000000
0.000000
0.000000
0.000000
0.000000
0.000000
0.000000
0.000000
0.000000
0.000000
0.000000
0.000000
0.000000
0.000000
0.000000
0.000000
0.000000
0.000000
0.000000
0.000000
0.000000
0.000000
0.000000
0.000000
0.000000
0.000000
0.000000
0.000000
0.000000
