0.100000
0.535441
0.970882
1.406324
1.841765
2.277206
2.712647
3.148088
3.583529
4.018971
4.454412
4.889853
5.325294
5.760735
6.196176
6.631618
7.067059
7.502500
7.937941
8.373382
8.808824
9.244265
9.679706
10.115147
10.550588
10.986029
11.421471
11.856912
12.292353
12.727794
13.163235
13.598676
14.034118
14.469559
14.905000
15.340441
15.775882
16.211324
16.646765
17.082206
17.517647
17.953088
18.388529
18.823971
19.259412
19.694853
20.130294
20.565735
21.001176
21.436618
21.872059
22.307500
22.742941
23.178382
23.613824
24.049265
24.484706
24.920147
25.355588
25.791029
26.226471
26.661912
27.097353
27.532794
27.968235
28.403676
28.839118
29.274559
29.710000
