0.488957
1.351451
2.226259
3.178299
4.073628
4.524853
4.968118
5.402789
5.854626
6.298639
6.728730
7.168753
7.630159
8.062993
8.522766
8.926621
9.389116
9.832358
10.261088
10.706190
11.184558
11.637302
12.084331
12.543741
12.993129
13.441020
13.882313
14.327052
14.743560
15.184490
15.628209
16.080522
16.514036
16.940136
17.369887
17.828526
18.248889
18.689320
19.148186
19.593764
20.064036
20.493084
20.932789
21.373401
21.822993
22.254218
22.698526
23.137302
23.591451
24.022177
24.457664
24.929093
25.324422
25.788095
26.239524
26.694512
27.125057
27.534853
27.991270
28.428118
28.842517
29.309388
29.752313
30.017778
