0.069388
0.569388
0.992381
1.446984
1.870998
2.330612
2.795102
3.234694
3.654853
4.106122
4.561224
4.995918
5.414898
5.870794
6.294921
6.742857
7.150839
7.606122
8.053061
8.467347
8.895964
9.357642
9.790113
10.219683
10.657959
11.087528
11.528707
11.961179
12.451701
12.843537
13.293424
13.722993
14.164172
14.596644
15.037823
15.467392
15.899864
16.329433
16.773515
17.208889
17.641361
18.114467
18.578866
19.014240
19.478639
19.893696
20.343741
20.787664
21.260771
21.667120
22.102494
22.546576
23.013878
23.434739
23.902041
24.346122
24.781497
25.234286
25.669660
26.131156
26.607166
26.996100
27.469206
27.907483
28.339955
28.818866
29.225215
29.698322
30.142404
