0.627664
1.137415
1.647166
2.149660
2.652154
3.166259
3.680363
4.181769
4.683175
5.192698
5.702222
6.206984
6.711746
7.215465
7.719184
8.228571
8.737959
9.248900
9.759841
10.261145
10.762449
11.271848
11.781247
12.276111
12.770975
13.273107
13.775238
14.289184
14.803129
15.316667
15.830204
16.337415
16.844626
17.349172
17.853719
18.361417
18.869116
19.378503
19.887891
20.390748
20.893605
21.400816
21.908027
22.417415
22.926803
23.438367
23.949932
24.448560
24.947188
25.454274
25.961361
26.466395
26.971429
27.483730
27.996032
28.500329
29.004626
29.511837
30.019048
