1.471105
1.897432
2.330017
2.750981
3.171746
3.590782
3.994337
4.415493
4.835420
5.266151
5.677880
6.088532
6.503486
6.913606
7.321724
7.721706
8.139388
8.543277
8.957999
9.371831
9.788718
10.204377
10.620957
11.035203
11.451425
11.868702
12.281150
12.698485
13.124015
13.532010
13.946255
14.349395
14.780295
15.191140
15.627540
16.026600
16.471812
16.881767
17.318435
17.707675
18.153292
18.572408
18.985005
19.384477
19.793122
20.182323
20.630850
21.034517
21.473888
21.894178
22.328890
22.727380
23.145482
23.545253
23.947778
24.352612
24.775122
25.197427
25.604325
26.009300
26.458490
26.843912
27.276678
27.674555
28.098375
28.529698
28.972683
29.376770
29.769325
