0.323991
0.644150
0.978141
1.307347
1.631474
1.955306
2.279660
2.621066
2.940272
3.279569
3.620045
3.958254
4.301156
4.624422
4.938549
5.278231
5.617029
5.957982
6.292948
6.617279
6.939683
7.276735
7.622494
7.928073
8.272449
8.615011
8.967007
9.301497
9.599660
9.943651
10.261995
10.595941
10.941202
11.264490
11.594853
11.922834
12.267596
12.612494
12.950249
13.276213
13.600113
13.936168
14.282834
14.617732
14.928549
15.269887
15.599977
15.927891
16.268390
16.617007
16.949478
17.279751
17.609388
17.938027
18.277506
18.615329
18.944195
19.263311
19.601497
19.945782
20.298571
20.631655
20.964739
21.292993
21.616984
21.972698
22.299184
22.636689
22.948639
23.283900
23.633787
23.969864
24.286304
24.633537
24.938844
25.298141
25.610567
25.957279
26.274059
26.616032
26.967370
27.277868
27.635850
27.964603
28.299751
28.619342
28.970998
29.280045
29.632766
29.967778
