0.300635
0.831202
1.383129
1.841769
2.310839
2.806667
3.311293
3.798163
4.238980
4.733265
5.230340
5.745238
6.221451
6.729229
7.195215
7.673832
8.151905
8.656009
9.162925
9.751361
10.254444
10.865397
11.466032
12.066440
12.662880
13.327914
13.935374
14.534603
15.163356
15.752608
16.397506
17.006644
17.625125
18.242857
18.831043
19.422494
20.010998
20.595941
21.175488
21.761973
22.361882
22.998776
23.560884
24.140703
24.749909
25.292540
25.930227
26.501769
27.155964
27.738095
28.307596
28.879524
29.441361
