0.603719
0.928798
1.277098
1.625397
1.973696
2.321995
2.670295
3.018594
3.366893
3.715193
4.063492
4.423401
4.783311
5.131610
5.491519
5.851429
6.211338
6.559637
6.907937
7.256236
7.604535
7.952834
8.301134
8.637823
8.986122
9.334422
9.682721
10.031020
10.379320
10.716009
11.064308
11.400998
11.749297
12.085986
12.422676
12.759365
13.107664
13.455964
13.804263
14.140952
14.489252
14.837551
15.185850
15.534150
15.882449
16.219138
16.567438
16.915737
17.264036
17.612336
17.960635
18.308934
18.668844
19.028753
19.377052
19.713741
20.062041
20.410340
20.758639
21.095329
21.443628
21.791927
22.140227
22.488526
22.836825
23.185125
23.533424
23.881723
24.230023
24.566712
24.915011
25.263311
25.611610
25.959909
26.308209
26.656508
27.004807
27.353107
27.701406
28.038095
28.386395
28.734694
29.082993
29.431293
29.767982
