0.626939
1.206712
1.775873
2.367778
2.948844
3.511678
4.017052
4.684286
5.221474
5.801383
6.343424
6.906349
7.505215
8.068209
8.632902
9.158594
9.740181
10.361565
10.932245
11.499819
12.089864
12.653673
13.233605
13.837642
14.401066
15.015692
15.587370
16.142540
16.727347
17.247324
17.837370
18.410363
18.996803
19.549705
20.130091
20.734331
21.284059
21.839161
22.439070
23.029252
23.567211
24.145193
24.726984
25.263311
25.858163
26.414014
26.994830
27.549093
28.134354
28.722109
29.334785
29.922585
