0.024490
0.587755
1.142857
1.722449
2.302041
2.881633
3.486621
4.032653
4.612245
5.175510
5.714286
6.297188
6.839433
7.388730
7.902041
8.486395
8.987755
9.518367
10.073469
10.628571
11.151020
11.706122
12.244898
12.800000
13.338776
13.877551
14.416327
14.987755
15.461224
15.983673
16.489796
16.992880
17.566145
18.102290
18.623605
19.175238
19.684172
20.195918
20.726531
21.265306
21.835918
22.302041
22.808163
23.297959
23.844898
24.400000
24.963356
25.515805
26.065964
26.598050
27.161043
27.727415
28.300113
28.851315
29.365714
