0.034812
0.486840
0.941602
1.382958
1.834816
2.303816
2.751300
3.232628
3.690548
4.133744
4.577255
5.021277
5.464331
5.926485
6.382646
6.830415
7.277375
7.746418
8.186282
8.659834
9.127225
9.583732
10.030812
10.471347
10.891501
11.350056
11.804865
12.272778
12.735939
13.198085
13.605074
14.092182
14.556120
14.995440
15.453378
15.931901
16.397314
16.840042
17.291919
17.766954
18.212207
18.656421
19.093383
19.545512
20.014675
20.468615
20.921975
21.383878
21.831971
22.307507
22.763263
23.232448
23.674231
24.106841
24.547391
25.027727
25.489825
25.942939
26.392547
26.841393
27.294963
27.761000
28.203822
28.711132
29.152020
