0.162540
0.499229
0.835918
1.160998
1.497687
1.834376
2.159456
2.496145
2.832834
3.169524
3.494603
3.831293
4.167982
4.493061
4.818141
5.154830
5.491519
5.816599
6.153288
6.489977
6.815057
7.140136
7.476825
7.801905
8.138594
8.475283
8.811973
9.137052
9.462132
9.787211
10.123900
10.460590
10.797279
11.122358
11.459048
11.784127
12.120816
12.445896
12.782585
13.119274
13.455964
13.792653
14.117732
14.454422
14.791111
15.116190
15.452880
15.789569
16.114649
16.439728
16.764807
17.089887
17.426576
17.763265
18.088345
18.425034
18.761723
19.098413
19.435102
19.771791
20.108481
20.445170
20.770249
21.095329
21.432018
21.757098
22.093787
22.430476
22.755556
23.080635
23.405714
23.742404
24.079093
24.404172
24.740862
25.077551
25.402630
25.727710
26.064399
26.401088
26.737778
27.062857
27.399546
27.736236
28.061315
28.398005
28.734694
29.071383
29.396463
29.721542
