0.034830
0.417960
0.859140
1.265500
1.671800
2.066600
2.461300
2.832800
3.227600
3.610700
4.005400
4.400200
4.783300
5.178200
5.561200
5.955900
6.350700
6.745400
7.140100
7.534900
7.929600
8.324400
8.730700
9.125400
9.520200
9.914900
10.310000
10.704000
11.099000
11.494000
11.889000
12.283000
12.691000
13.084000
13.479000
13.874000
14.257000
14.640000
15.035000
15.430000
15.824000
16.219000
16.614000
17.009000
17.392000
17.785000
18.181000
18.588000
18.982000
19.377000
19.783000
20.178000
20.584000
20.979000
21.374000
21.769000
22.175000
22.570000
22.964000
23.359000
23.754000
24.149000
24.543000
24.938000
25.333000
25.728000
26.122000
26.517000
26.912000
27.307000
27.701000
28.096000
28.491000
28.886000
29.283000
29.675000
