0.553855
1.138345
1.673333
2.283696
2.892834
3.464036
4.026531
4.634943
5.230136
5.817982
6.425329
7.019184
7.580907
8.155533
8.777143
9.322812
9.899252
10.461542
11.001769
11.530204
12.081746
12.643265
13.251814
13.769433
14.377619
14.919819
15.456916
15.964762
16.468753
16.822857
17.194376
17.554286
17.931610
18.359501
18.680454
19.022948
19.382857
19.742766
20.114286
20.508322
20.888345
21.256145
21.600499
21.965147
22.366395
22.758458
23.173719
23.546825
23.929365
24.301678
24.704853
25.109819
25.495261
25.874830
26.280227
26.673583
27.123741
27.551270
27.944853
