0.092880
0.406349
0.743039
1.068118
1.393197
1.718277
2.078186
2.438095
2.798005
3.134694
3.471383
3.819683
4.156372
4.493061
4.841361
5.178050
5.514739
5.839819
6.176508
6.524807
6.884717
7.233016
7.581315
7.929615
8.277914
8.626213
8.986122
9.346032
9.705941
10.077460
10.437370
10.785669
11.145578
11.517098
11.865397
12.202086
12.538776
12.887075
13.235374
13.583673
13.943583
14.280272
14.628571
14.976871
15.325170
15.685079
16.033379
16.370068
16.706757
17.043447
17.380136
17.716825
18.065125
18.413424
18.761723
19.110023
19.446712
19.783401
20.120091
20.468390
20.816689
21.164989
21.501678
21.838367
22.175057
22.511746
22.860045
23.208345
23.556644
23.916553
24.264853
24.613152
24.961451
25.309751
25.646440
25.994739
26.331429
26.668118
27.004807
27.364717
27.724626
28.061315
28.398005
28.734694
29.082993
29.431293
29.767982
