1.102948
1.613787
2.113016
2.641270
3.137596
3.640091
4.156009
4.661406
5.163265
5.675102
6.188118
6.696054
7.201088
7.706122
8.212245
8.727800
9.235737
9.746576
10.254512
10.774059
11.267483
11.784127
12.283356
12.794195
13.305034
13.815147
14.326712
14.846984
15.334240
15.878821
16.404898
16.860590
17.380136
17.879365
18.401088
18.917007
19.404263
19.920181
20.407438
20.921179
21.443628
21.955193
22.471111
22.973243
23.481179
23.986213
24.505760
24.993379
25.509297
26.017959
26.522449
27.030930
27.544308
28.058413
28.560544
29.063401
