0.736395
1.295918
1.827302
2.361814
2.887506
3.361814
3.876395
4.382676
4.861111
5.353696
5.865918
6.390499
6.882925
7.368413
7.874785
8.351497
8.861338
9.319637
9.847029
10.348844
10.846236
11.312132
11.836735
12.350340
12.846644
13.363741
13.888073
14.363764
14.841587
15.342902
15.881995
16.399274
16.878844
17.365714
17.849274
18.334694
18.842948
19.373673
19.896576
20.383696
20.885215
21.389342
21.872381
22.354240
22.862222
23.349909
23.867732
24.404082
24.890816
25.399501
25.872200
26.368753
26.848980
27.347982
27.819751
28.344830
28.837800
29.349093
29.807256
