0.282993
0.604082
0.924490
1.231587
1.536553
1.875624
2.200544
2.532630
2.846667
3.161791
3.471020
3.789365
4.089478
4.415873
4.717256
5.035329
5.366327
5.686531
5.994512
6.309002
6.621224
6.933900
7.246893
7.558073
7.878413
8.197211
8.495261
8.820476
9.128254
9.455601
9.782200
10.109728
10.439206
10.751020
11.056145
11.380794
11.683084
12.000023
12.299660
12.615215
12.928277
13.233061
13.544989
13.878639
14.192109
14.514785
14.812653
15.127619
15.440544
15.762902
16.082177
16.397166
16.705442
17.025556
17.340522
17.655193
17.970703
18.285306
18.584422
18.899705
19.223651
19.538345
19.865850
20.189229
20.499773
20.824898
21.148345
21.468526
21.770454
22.073968
22.407460
22.718730
23.026780
23.337256
23.646122
23.952766
24.265283
24.579841
24.898912
25.220952
25.527710
25.848186
26.169433
26.483991
26.786871
27.112880
27.432177
27.752404
28.072358
28.388322
28.703401
29.018413
29.316553
29.636599
29.948571
