0.033000
0.784000
1.551000
2.336000
3.117000
3.894000
4.643000
5.432000
6.193000
6.976000
7.749000
8.546000
9.351000
10.101000
10.834000
11.647000
12.411000
13.228000
14.020000
14.847000
15.639000
16.458000
17.252000
18.092000
18.864000
19.712000
20.458000
21.281000
22.064000
22.892000
23.625000
24.456000
25.225000
26.069000
26.820000
27.635000
28.495000
0.000000
0.000000
0.000000
0.000000
0.000000
0.000000
0.000000
0.000000
0.000000
0.000000
0.000000
0.000000
0.000000
0.000000
0.000000
0.000000
0.000000
0.000000
0.000000
0.000000
0.000000
0.000000
0.000000
0.000000
0.000000
0.000000
0.000000
0.000000
0.000000
0.000000
0.000000
0.000000
0.000000
0.000000
0.000000
0.000000
0.000000
