0.255420
0.743039
1.230658
1.706667
2.205896
2.693515
3.181134
3.657143
4.133152
4.620771
5.108390
5.572789
6.048798
6.548027
7.024036
7.511655
7.999274
8.486893
8.974512
9.462132
9.949751
10.437370
10.924989
11.389388
11.865397
12.364626
12.852245
13.339864
13.827483
14.315102
14.791111
15.278730
15.754739
16.230748
16.706757
17.182766
17.670385
18.158005
18.645624
19.144853
19.632472
20.108481
20.596100
21.072109
21.548118
22.012517
22.511746
23.022585
23.498594
23.986213
24.462222
24.949841
25.425850
25.913469
26.412698
26.888707
27.364717
27.852336
28.339955
28.815964
29.303583
29.802812
