0.005805
0.719819
1.439637
2.182676
2.908345
3.612313
4.348390
5.070045
5.788277
6.516281
7.244240
7.941224
8.660204
9.396304
10.084444
10.797279
11.540317
12.260340
12.980317
13.692200
14.396372
14.900249
15.372177
15.836145
16.332358
16.788209
17.292426
17.772925
18.260363
18.724127
19.213832
19.668503
20.164558
20.660454
21.132381
21.612245
22.082177
22.572041
23.034195
23.521814
24.028141
24.497052
24.956349
25.449070
25.936689
26.412086
26.908163
27.398413
27.844331
28.332472
28.815964
29.268435
29.772222
