0.139320
0.603719
1.068118
1.486077
1.927256
2.356825
2.809615
3.250794
3.703583
4.133152
4.574331
5.015510
5.456689
5.909478
6.339048
6.791837
7.244626
7.685805
8.126984
8.556553
8.997732
9.438912
9.880091
10.321270
10.750839
11.180408
11.633197
12.074376
12.515556
12.956735
13.397914
13.839093
14.280272
14.733061
15.174240
15.615420
16.068209
16.509388
16.938957
17.380136
17.809705
18.250884
18.692063
19.133243
19.574422
20.015601
20.456780
20.897959
21.339138
21.780317
22.221497
22.662676
23.103855
23.556644
23.997823
24.439002
24.868571
25.321361
25.774150
26.226939
26.668118
27.097687
27.538866
27.980045
28.409615
