3.993832
4.318912
4.655601
4.992290
5.328980
5.665669
6.013968
6.362268
6.722177
7.070476
7.407166
7.743855
8.092154
8.452063
8.788753
9.137052
9.473741
9.833651
10.205170
10.553469
10.913379
11.261678
11.609977
11.958277
12.306576
12.654875
12.991565
13.339864
13.688163
14.036463
14.384762
14.733061
15.081361
15.429660
15.777959
16.137868
16.497778
16.846077
17.194376
17.554286
17.902585
18.239274
18.587574
18.935873
19.284172
19.620862
19.957551
20.305850
20.654150
21.002449
21.362358
21.710658
22.058957
22.407256
22.755556
23.115465
23.463764
23.823673
24.195193
24.543492
24.903401
25.251701
25.600000
25.948299
26.284989
26.633288
26.981587
27.318277
27.666576
28.014875
28.386395
28.746304
29.106213
29.466122
29.814422
