0.893968
1.288707
1.683447
2.066576
2.461315
2.844444
3.262404
3.645533
4.040272
4.435011
4.829751
5.224490
5.619229
6.013968
6.420317
6.815057
7.209796
7.616145
8.010884
8.394014
8.788753
9.195102
9.589841
9.972971
10.367710
10.762449
11.157188
11.540317
11.946667
12.329796
12.736145
13.119274
13.514014
13.908753
14.303492
14.698231
15.092971
15.487710
15.882449
16.265578
16.648707
17.043447
17.449796
17.844535
18.239274
18.634014
19.028753
19.423492
19.818231
20.212971
20.619320
21.014059
21.408798
21.803537
22.198277
22.581406
22.987755
23.394104
23.788844
24.183583
24.578322
24.973061
25.379410
25.774150
26.168889
26.575238
26.969977
27.364717
27.759456
28.154195
28.548934
28.943673
29.338413
29.721542
