1.289932
1.774444
2.345556
2.849932
3.340862
3.833197
4.327370
4.837324
5.359887
5.868163
6.347392
6.864263
7.374671
7.875374
8.382517
8.887029
9.401224
9.902494
10.387800
10.896825
11.382902
11.897800
12.379478
12.887438
13.428957
13.944853
14.445170
14.965896
15.454263
15.948435
16.474082
17.004626
17.483991
17.962676
18.470612
18.963991
19.518957
20.053107
20.552562
21.023333
21.511814
22.018458
22.528821
23.033333
23.537596
24.046916
24.540975
25.011519
25.480816
25.996576
26.511202
27.030635
27.509025
27.955941
28.473696
28.961723
29.498549
30.031882
