0.123243
0.536871
0.956190
1.381225
1.811973
2.248435
2.680340
3.128231
3.581769
4.040907
4.505601
4.975737
5.451315
5.932177
6.406984
6.898163
7.394331
7.895352
8.401088
8.911383
9.426077
9.932970
10.455986
10.982857
11.513424
12.047483
12.584830
13.112630
13.655873
14.201769
14.750045
15.300499
15.852902
16.406984
16.962517
17.506304
18.063991
18.622381
19.181202
19.740204
20.299161
20.857778
21.402834
21.960068
22.516190
23.070998
23.624240
24.175692
24.712290
25.259388
25.803968
26.345760
26.884603
27.420272
27.952540
28.481224
28.993923
29.514853
